44444 959
72438 20546
72524 8312
72538 20520
72568 14057
72709 17460
72817 14206
73344 14725
73344 2915
73646 21695
73785 11089
73787 9151
73861 15187
73863 16039
74033 602
74094 6249
74116 6346
74211 13904
74256 5560
74272 15912
74310 9444
74314 9751
74328 801
74339 16848
74342 7196
74371 6374
74394 18084
74472 4976
74515 6800
74530 11198
74560 6487
74571 1973
74581 4193
74614 5986
74627 18225
74643 849
74656 16572
74660 19991
74666 15731
74677 19248
74678 18030
74687 4516
74690 21602
74709 15389
74710 16173
74721 66
74737 6633
74766 15049
74766 3279
74767 10505
74812 10013
74855 7445
74885 4662
74920 9809
74925 4342
74931 5422
74943 21384
74946 7145
74962 907
75013 4106
75014 13877
75062 7407
75087 5159
75088 15778
75092 6843
75174 20735
75174 9952
75201 9978
75205 19468
75208 9205
75213 2515
75228 1543
75230 12183
75268 1001
75275 11035
75279 12684
75286 6929
75305 6046
75328 11546
75335 572
75342 12021
75355 9105
75357 160
75477 400
75483 11135
75488 2338
75497 18131
75510 10962
75527 17722
75607 1221
75625 667
75658 1813
75660 3817
75665 8969
75666 12228
75674 15342
75698 13041
75703 19216
75703 7697
75707 17101
75707 5492
75721 10713
75729 14138
75786 3320
75788 14081
75834 21786
75853 4948
75892 9698
75902 1623
75905 8662
75907 8180
75910 10750
75920 1389
76025 20594
76068 7975
76073 18325
76085 15813
76091 18788
76097 13412
76097 13490
76114 3993
76174 10317
76183 19921
76192 14114
76210 3115
76225 8995
76227 8567
76257 6322
76282 7553
76288 11807
76290 12507
76296 17913
76297 5027
76313 20122
76313 8933
76352 3075
76357 11450
76374 17408
76394 15850
76394 4384
76430 2869
76459 20706
76459 9923
76511 20097
76524 18178
76542 4573
76543 7778
76548 1110
76553 6557
76559 9630
76561 4828
76573 16499
76574 13757
76593 2693
76598 7868
76608 13362
76610 13142
76613 12105
76618 16309
76623 12364
76624 18429
76638 11749
76651 9858
76670 9031
76697 1256
76701 4804
76713 16437
76783 428
76785 11282
76790 14341
76803 6729
76817 11894
76818 1582
76829 2757
76842 2438
76846 17356
76858 8454
76903 6113
76948 19099
76979 4163
77019 19955
77039 9588
77077 3444
77111 1053
77111 13630
77112 10830
77117 15241
77142 17054
77150 16730
77153 3216
77177 15313
77184 17285
77213 186
77221 14303
77231 15507
77239 5787
77241 14417
77271 1454
77287 7170
77288 10685
77288 21149
77311 7239
77325 2937
77335 9832
77368 16067
77396 8796
77399 8140
77406 10263
77411 20839
77414 9326
77418 11671
77431 11934
77443 21549
77450 15605
77483 13178
77490 21750
77491 10867
77514 3514
77523 6420
77546 6753
77550 4852
77566 14525
77574 12323
77584 0
77599 487
77629 14021
77635 10058
77636 20299
77638 13303
77641 6206
77652 2839
77681 11959
77684 14666
77686 18988
77721 20761
77764 3734
77775 1285
77803 2717
77807 10364
77809 16922
77811 11255
77812 8754
77843 3151
77847 2970
77848 12399
77867 13823
77898 5199
77899 8069
77908 10416
77910 20254
77912 16700
77916 21573
77948 128
77959 16547
77999 12595
78000 11331
78010 1787
78054 6274
78055 18891
78074 13947
78075 12879
78110 1882
78120 7527
78126 17483
78131 6179
78178 16347
78179 11497
78191 4446
78192 5122
78219 10637
78221 710
78226 1321
78250 4063
78259 14459
78269 15430
78285 6534
78289 9361
78297 10549
78313 15983
78343 20200
78389 17878
78393 6964
78399 21177
78429 5000
78501 8231
78509 20620
78513 2197
78523 5890
78528 2666
78529 10102
78530 5846
78545 6147
78548 14233
78548 2267
78553 20644
78554 1652
78601 19546
78601 8393
78604 7282
78633 548
78637 3871
78649 21658
78661 18689
78676 368
78687 17958
78722 12852
78725 14998
78740 4543
78744 8887
78803 19444
78862 14566
78863 12157
78883 13240
78892 12450
78903 5956
78905 16143
78907 21209
78935 4487
78937 7108
78944 16208
78947 17582
78965 11850
78973 1429
78985 10211
78987 5359
78990 317
79007 21492
79016 18621
79017 1363
79020 11696
79039 20442
79052 3708
79068 1850
79084 5062
79085 15465
79092 5317
79097 10936
79102 9778
79116 1169
79126 8284
79140 14747
79159 12074
79164 17826
79191 19174
79195 11395
79208 2043
79238 14180
79240 19415
79284 14773
79363 7578
79384 20808
79395 9298
79422 13687
79449 20231
79453 13088
79505 16372
79507 20472
79520 17540
79524 17325
79524 5593
79531 13115
79533 18376
79534 20944
79539 1514
79540 19768
79541 11619
79544 19609
79546 18573
79560 18736
79560 7062
79573 5692
79581 19882
79590 20397
79597 3553
79624 5264
79642 6073
79647 17785
79680 15275
79691 1678
79734 21420
79769 18595
79770 7306
79772 5664
79797 3255
79798 8849
79825 19369
79831 10992
79833 15687
79840 14621
79848 4628
79921 7729
79944 19704
79979 19835
79994 15160
80000 21325
80010 38
80028 10466
80036 8024
80068 19744
80079 4898
80086 7845
80087 18281
80099 11062
80116 18924
80175 15129
80194 7331
80207 16757
80215 13568
80218 4762
80223 20992
80253 7945
80274 17635
80276 4714
80301 9063
80312 6693
80337 12959
80362 17008
80396 8688
80408 15557
80418 20570
80452 14949
80469 7607
80513 3469
80521 20341
80523 18501
80524 4316
80527 18818
80535 2578
80538 9725
80539 21446
80545 16963
80566 16802
80569 2639
80576 3401
80577 1480
80595 5096
80606 20894
80622 13995
80631 3636
80640 17981
80670 8630
80679 2101
80686 5449
80689 736
80741 19150
80743 21723
80752 6668
80786 12746
80792 17434
80796 6885
80803 9257
80804 17169
80804 17227
80805 19795
80819 4600
80820 4289
80830 21281
80831 9497
80840 5386
80858 15099
80898 11724
80944 11591
80946 12270
80981 20369
80996 5624
81001 3591
81018 10791
81028 224
81037 10589
81046 12538
81047 18851
81074 21068
81106 1927
81107 8512
81117 13206
81188 14379
81197 12933
81208 4028
81234 9561
81253 3354
81334 10147
81342 18454
81403 16097
81414 2798
81481 14700
81512 19065
81527 7752
81558 20158
81588 12986
81620 18537
81626 4232
81668 7023
81691 20063
81779 19651
81828 19031
81839 2551
81978 20668
81992 19326
82053 7806
82055 3935
82095 16645
82142 4255
82148 16270
82200 12809
82216 5751
82223 9231
82266 14877
82282 3037
82345 19510
82353 14823
82387 1700
82402 21254
82524 2402
82628 8730
82671 7651
82682 2478
82708 3665
82886 3176
82900 9418
82909 12641
83132 12129
83453 4134
