77584 0
80010 38
74721 66
77948 128
75357 160
77213 186
81028 224
78990 317
78676 368
75477 400
76783 428
77599 487
78633 548
75335 572
74033 602
75625 667
78221 710
80689 736
74328 801
74643 849
74962 907
44444 959
75268 1001
77111 1053
76548 1110
79116 1169
75607 1221
76697 1256
77775 1285
78226 1321
79017 1363
75920 1389
78973 1429
77271 1454
80577 1480
79539 1514
75228 1543
76818 1582
75902 1623
78554 1652
79691 1678
82387 1700
78010 1787
75658 1813
79068 1850
78110 1882
81106 1927
74571 1973
79208 2043
80679 2101
78513 2197
78548 2267
75488 2338
82524 2402
76842 2438
82682 2478
75213 2515
81839 2551
80535 2578
80569 2639
78528 2666
76593 2693
77803 2717
76829 2757
81414 2798
77652 2839
76430 2869
73344 2915
77325 2937
77847 2970
82282 3037
76352 3075
76210 3115
77843 3151
82886 3176
77153 3216
79797 3255
74766 3279
75786 3320
81253 3354
80576 3401
77077 3444
80513 3469
77514 3514
79597 3553
81001 3591
80631 3636
82708 3665
79052 3708
77764 3734
75660 3817
78637 3871
82055 3935
76114 3993
81208 4028
78250 4063
75013 4106
83453 4134
76979 4163
74581 4193
81626 4232
82142 4255
80820 4289
80524 4316
74925 4342
76394 4384
78191 4446
78935 4487
74687 4516
78740 4543
76542 4573
80819 4600
79848 4628
74885 4662
80276 4714
80218 4762
76701 4804
76561 4828
77550 4852
80079 4898
75853 4948
74472 4976
78429 5000
76297 5027
79084 5062
80595 5096
78192 5122
75087 5159
77898 5199
79624 5264
79092 5317
78987 5359
80840 5386
74931 5422
80686 5449
75707 5492
74256 5560
79524 5593
80996 5624
79772 5664
79573 5692
82216 5751
77239 5787
78530 5846
78523 5890
78903 5956
74614 5986
75305 6046
79642 6073
76903 6113
78545 6147
78131 6179
77641 6206
74094 6249
78054 6274
76257 6322
74116 6346
74371 6374
77523 6420
74560 6487
78285 6534
76553 6557
74737 6633
80752 6668
80312 6693
76803 6729
77546 6753
74515 6800
75092 6843
80796 6885
75286 6929
78393 6964
81668 7023
79560 7062
78937 7108
74946 7145
77287 7170
74342 7196
77311 7239
78604 7282
79770 7306
80194 7331
75062 7407
74855 7445
78120 7527
76282 7553
79363 7578
80469 7607
82671 7651
75703 7697
79921 7729
81527 7752
76543 7778
82053 7806
80086 7845
76598 7868
80253 7945
76068 7975
80036 8024
77899 8069
77399 8140
75907 8180
78501 8231
79126 8284
72524 8312
78601 8393
76858 8454
81107 8512
76227 8567
80670 8630
75905 8662
80396 8688
82628 8730
77812 8754
77396 8796
79798 8849
78744 8887
76313 8933
75665 8969
76225 8995
76670 9031
80301 9063
75355 9105
73787 9151
75208 9205
82223 9231
80803 9257
79395 9298
77414 9326
78289 9361
82900 9418
74310 9444
80831 9497
81234 9561
77039 9588
76559 9630
75892 9698
80538 9725
74314 9751
79102 9778
74920 9809
77335 9832
76651 9858
76459 9923
75174 9952
75201 9978
74812 10013
77635 10058
78529 10102
81334 10147
78985 10211
77406 10263
76174 10317
77807 10364
77908 10416
80028 10466
74767 10505
78297 10549
81037 10589
78219 10637
77288 10685
75721 10713
75910 10750
81018 10791
77112 10830
77491 10867
79097 10936
75510 10962
79831 10992
75275 11035
80099 11062
73785 11089
75483 11135
74530 11198
77811 11255
76785 11282
78000 11331
79195 11395
76357 11450
78179 11497
75328 11546
80944 11591
79541 11619
77418 11671
79020 11696
80898 11724
76638 11749
76288 11807
78965 11850
76817 11894
77431 11934
77681 11959
75342 12021
79159 12074
76613 12105
83132 12129
78863 12157
75230 12183
75666 12228
80946 12270
77574 12323
76623 12364
77848 12399
78892 12450
76290 12507
81046 12538
77999 12595
82909 12641
75279 12684
80786 12746
82200 12809
78722 12852
78075 12879
81197 12933
80337 12959
81588 12986
75698 13041
79453 13088
79531 13115
76610 13142
77483 13178
81117 13206
78883 13240
77638 13303
76608 13362
76097 13412
76097 13490
80215 13568
77111 13630
79422 13687
76574 13757
77867 13823
75014 13877
74211 13904
78074 13947
80622 13995
77629 14021
72568 14057
75788 14081
76192 14114
75729 14138
79238 14180
72817 14206
78548 14233
77221 14303
76790 14341
81188 14379
77241 14417
78259 14459
77566 14525
78862 14566
79840 14621
77684 14666
81481 14700
73344 14725
79140 14747
79284 14773
82353 14823
82266 14877
80452 14949
78725 14998
74766 15049
80858 15099
80175 15129
79994 15160
73861 15187
77117 15241
79680 15275
77177 15313
75674 15342
74709 15389
78269 15430
79085 15465
77231 15507
80408 15557
77450 15605
79833 15687
74666 15731
75088 15778
76085 15813
76394 15850
74272 15912
78313 15983
73863 16039
77368 16067
81403 16097
78905 16143
74710 16173
78944 16208
82148 16270
76618 16309
78178 16347
79505 16372
76713 16437
76573 16499
77959 16547
74656 16572
82095 16645
77912 16700
77150 16730
80207 16757
80566 16802
74339 16848
77809 16922
80545 16963
80362 17008
77142 17054
75707 17101
80804 17169
80804 17227
77184 17285
79524 17325
76846 17356
76374 17408
80792 17434
72709 17460
78126 17483
79520 17540
78947 17582
80274 17635
75527 17722
79647 17785
79164 17826
78389 17878
76296 17913
78687 17958
80640 17981
74678 18030
74394 18084
75497 18131
76524 18178
74627 18225
80087 18281
76073 18325
79533 18376
76624 18429
81342 18454
80523 18501
81620 18537
79546 18573
79769 18595
79016 18621
78661 18689
79560 18736
76091 18788
80527 18818
81047 18851
78055 18891
80116 18924
77686 18988
81828 19031
81512 19065
76948 19099
80741 19150
79191 19174
75703 19216
74677 19248
81992 19326
79825 19369
79240 19415
78803 19444
75205 19468
82345 19510
78601 19546
79544 19609
81779 19651
79944 19704
80068 19744
79540 19768
80805 19795
79979 19835
79581 19882
76183 19921
77019 19955
74660 19991
81691 20063
76511 20097
76313 20122
81558 20158
78343 20200
79449 20231
77910 20254
77636 20299
80521 20341
80981 20369
79590 20397
79039 20442
79507 20472
72538 20520
72438 20546
80418 20570
76025 20594
78509 20620
78553 20644
81978 20668
76459 20706
75174 20735
77721 20761
79384 20808
77411 20839
80606 20894
79534 20944
80223 20992
81074 21068
77288 21149
78399 21177
78907 21209
82402 21254
80830 21281
80000 21325
74943 21384
79734 21420
80539 21446
79007 21492
77443 21549
77916 21573
74690 21602
78649 21658
73646 21695
80743 21723
77490 21750
75834 21786
